          1.000    0.9974115249E+00    0.5189139096E-04    0.1259560743E-03    0.1368065669E-02    0.7689480104E-03    0.2736131338E-03    0.8245833598E-09
          2.000    0.9949351454E+00    0.1988038467E-03    0.1460233420E-03    0.2732683125E-02    0.1440806028E-02    0.5465366251E-03    0.1647088356E-08
          3.000    0.9924819675E+00    0.4287266259E-03    0.1489604791E-03    0.4093927547E-02    0.2027629903E-02    0.8187855095E-03    0.2467560300E-08
          4.000    0.9900375972E+00    0.7311381025E-03    0.1491270325E-03    0.5451818029E-02    0.2539952715E-02    0.1090363606E-02    0.3286010701E-08
          5.000    0.9875996935E+00    0.1096819615E-02    0.1488461156E-03    0.6806364575E-02    0.2986999130E-02    0.1361272915E-02    0.4102445590E-08
          6.000    0.9851678653E+00    0.1517693928E-02    0.1484935641E-03    0.8157575702E-02    0.3376851493E-02    0.1631515140E-02    0.4916870099E-08
          7.000    0.9827420367E+00    0.1986683933E-02    0.1481301796E-03    0.9505459667E-02    0.3716591867E-02    0.1901091933E-02    0.5729289205E-08
          8.000    0.9803221833E+00    0.2497588883E-02    0.1477657969E-03    0.1085002467E-01    0.4012425919E-02    0.2170004934E-02    0.6539707852E-08
          9.000    0.9779082886E+00    0.3044975946E-02    0.1474020052E-03    0.1219127889E-01    0.4269791387E-02    0.2438255778E-02    0.7348130967E-08
         10.000    0.9755003379E+00    0.3624085173E-02    0.1470390597E-03    0.1352923047E-01    0.4493453109E-02    0.2705846094E-02    0.8154563461E-08
         11.000    0.9730983165E+00    0.4230746236E-02    0.1466769999E-03    0.1486388755E-01    0.4687586293E-02    0.2972777510E-02    0.8959010239E-08
         12.000    0.9707022096E+00    0.4861305465E-02    0.1463158303E-03    0.1619525824E-01    0.4855849478E-02    0.3239051647E-02    0.9761476188E-08
         13.000    0.9683120028E+00    0.5512561908E-02    0.1459555498E-03    0.1752335063E-01    0.5001448469E-02    0.3504670126E-02    0.1056196619E-07
         14.000    0.9659276815E+00    0.6181711313E-02    0.1455961564E-03    0.1884817279E-01    0.5127192362E-02    0.3769634558E-02    0.1136048510E-07
         15.000    0.9635492312E+00    0.6866297038E-02    0.1452376480E-03    0.2016973278E-01    0.5235542632E-02    0.4033946557E-02    0.1215703778E-07
         16.000    0.9611766375E+00    0.7564167030E-02    0.1448800223E-03    0.2148803863E-01    0.5328656150E-02    0.4297607727E-02    0.1295162907E-07
         17.000    0.9588098859E+00    0.8273436137E-02    0.1445232773E-03    0.2280309836E-01    0.5408422877E-02    0.4560619671E-02    0.1374426381E-07
         18.000    0.9564489622E+00    0.8992453075E-02    0.1441674107E-03    0.2411491994E-01    0.5476498891E-02    0.4822983989E-02    0.1453494679E-07
         19.000    0.9540938518E+00    0.9719771493E-02    0.1438124203E-03    0.2542351137E-01    0.5534335328E-02    0.5084702274E-02    0.1532368285E-07
         20.000    0.9517445405E+00    0.1045412461E-01    0.1434583040E-03    0.2672888059E-01    0.5583203747E-02    0.5345776117E-02    0.1611047676E-07
         21.000    0.9494010141E+00    0.1119440297E-01    0.1431050597E-03    0.2803103553E-01    0.5624218344E-02    0.5606207106E-02    0.1689533330E-07
         22.000    0.9470632582E+00    0.1193963504E-01    0.1427526853E-03    0.2932998412E-01    0.5658355432E-02    0.5865996823E-02    0.1767825726E-07
         23.000    0.9447312587E+00    0.1268897004E-01    0.1424011784E-03    0.3062573424E-01    0.5686470499E-02    0.6125146848E-02    0.1845925339E-07
         24.000    0.9424050014E+00    0.1344166310E-01    0.1420505372E-03    0.3191829377E-01    0.5709313160E-02    0.6383658755E-02    0.1923832643E-07
         25.000    0.9400844722E+00    0.1419706208E-01    0.1417007593E-03    0.3320767058E-01    0.5727540261E-02    0.6641534115E-02    0.2001548113E-07
         26.000    0.9377696569E+00    0.1495459614E-01    0.1413518427E-03    0.3449387248E-01    0.5741727353E-02    0.6898774497E-02    0.2079072220E-07
         27.000    0.9354605415E+00    0.1571376563E-01    0.1410037852E-03    0.3577690731E-01    0.5752378758E-02    0.7155381463E-02    0.2156405435E-07
         28.000    0.9331571119E+00    0.1647413334E-01    0.1406565848E-03    0.3705678287E-01    0.5759936379E-02    0.7411356573E-02    0.2233548229E-07
         29.000    0.9308593542E+00    0.1723531673E-01    0.1403102393E-03    0.3833350692E-01    0.5764787426E-02    0.7666701384E-02    0.2310501071E-07
         30.000    0.9285672544E+00    0.1799698116E-01    0.1399647467E-03    0.3960708723E-01    0.5767271182E-02    0.7921417447E-02    0.2387264428E-07
         31.000    0.9262807985E+00    0.1875883399E-01    0.1396201047E-03    0.4087753155E-01    0.5767684937E-02    0.8175506310E-02    0.2463838767E-07
         32.000    0.9239999726E+00    0.1952061937E-01    0.1392763114E-03    0.4214484759E-01    0.5766289182E-02    0.8428969518E-02    0.2540224553E-07
         33.000    0.9217247630E+00    0.2028211367E-01    0.1389333646E-03    0.4340904306E-01    0.5763312161E-02    0.8681808611E-02    0.2616422251E-07
         34.000    0.9194551557E+00    0.2104312151E-01    0.1385912623E-03    0.4467012563E-01    0.5758953866E-02    0.8934025127E-02    0.2692432324E-07
         35.000    0.9171911369E+00    0.2180347226E-01    0.1382500024E-03    0.4592810299E-01    0.5753389530E-02    0.9185620597E-02    0.2768255233E-07
         36.000    0.9149326930E+00    0.2256301697E-01    0.1379095827E-03    0.4718298276E-01    0.5746772691E-02    0.9436596552E-02    0.2843891440E-07
         37.000    0.9126798102E+00    0.2332162567E-01    0.1375700013E-03    0.4843477258E-01    0.5739237876E-02    0.9686954517E-02    0.2919341404E-07
         38.000    0.9104324747E+00    0.2407918508E-01    0.1372312561E-03    0.4968348006E-01    0.5730902956E-02    0.9936696013E-02    0.2994605584E-07
         39.000    0.9081906729E+00    0.2483559647E-01    0.1368933449E-03    0.5092911279E-01    0.5721871206E-02    0.1018582256E-01    0.3069684438E-07
         40.000    0.9059543913E+00    0.2559077389E-01    0.1365562659E-03    0.5217167834E-01    0.5712233109E-02    0.1043433567E-01    0.3144578421E-07
         41.000    0.9037236161E+00    0.2634464261E-01    0.1362200168E-03    0.5341118426E-01    0.5702067942E-02    0.1068223685E-01    0.3219287990E-07
         42.000    0.9014983339E+00    0.2709713769E-01    0.1358845957E-03    0.5464763808E-01    0.5691445162E-02    0.1092952762E-01    0.3293813597E-07
         43.000    0.8992785311E+00    0.2784820277E-01    0.1355500005E-03    0.5588104732E-01    0.5680425619E-02    0.1117620946E-01    0.3368155696E-07
         44.000    0.8970641943E+00    0.2859778906E-01    0.1352162292E-03    0.5711141948E-01    0.5669062625E-02    0.1142228390E-01    0.3442314739E-07
         45.000    0.8948553099E+00    0.2934585434E-01    0.1348832798E-03    0.5833876204E-01    0.5657402882E-02    0.1166775241E-01    0.3516291177E-07
         46.000    0.8926518645E+00    0.3009236216E-01    0.1345511502E-03    0.5956308245E-01    0.5645487305E-02    0.1191261649E-01    0.3590085459E-07
         47.000    0.8904538448E+00    0.3083728116E-01    0.1342198384E-03    0.6078438815E-01    0.5633351734E-02    0.1215687763E-01    0.3663698034E-07
         48.000    0.8882612374E+00    0.3158058438E-01    0.1338893424E-03    0.6200268658E-01    0.5621027564E-02    0.1240053732E-01    0.3737129349E-07
         49.000    0.8860740290E+00    0.3232224878E-01    0.1335596602E-03    0.6321798513E-01    0.5608542297E-02    0.1264359703E-01    0.3810379850E-07
         50.000    0.8838922062E+00    0.3306225470E-01    0.1332307898E-03    0.6443029120E-01    0.5595920017E-02    0.1288605824E-01    0.3883449983E-07
         51.000    0.8817157558E+00    0.3380058546E-01    0.1329027292E-03    0.6563961214E-01    0.5583181822E-02    0.1312792243E-01    0.3956340193E-07
         52.000    0.8795446647E+00    0.3453722700E-01    0.1325754764E-03    0.6684595532E-01    0.5570346187E-02    0.1336919106E-01    0.4029050921E-07
         53.000    0.8773789195E+00    0.3527216754E-01    0.1322490295E-03    0.6804932806E-01    0.5557429290E-02    0.1360986561E-01    0.4101582610E-07
         54.000    0.8752185071E+00    0.3600539731E-01    0.1319233863E-03    0.6924973767E-01    0.5544445298E-02    0.1384994753E-01    0.4173935700E-07
         55.000    0.8730634144E+00    0.3673690826E-01    0.1315985450E-03    0.7044719146E-01    0.5531406616E-02    0.1408943829E-01    0.4246110633E-07
         56.000    0.8709136282E+00    0.3746669392E-01    0.1312745036E-03    0.7164169670E-01    0.5518324101E-02    0.1432833934E-01    0.4318107845E-07
         57.000    0.8687691357E+00    0.3819474914E-01    0.1309512600E-03    0.7283326066E-01    0.5505207258E-02    0.1456665213E-01    0.4389927775E-07
         58.000    0.8666299236E+00    0.3892106993E-01    0.1306288124E-03    0.7402189057E-01    0.5492064407E-02    0.1480437811E-01    0.4461570860E-07
         59.000    0.8644959789E+00    0.3964565337E-01    0.1303071588E-03    0.7520759365E-01    0.5478902825E-02    0.1504151873E-01    0.4533037534E-07
         60.000    0.8623672888E+00    0.4036849739E-01    0.1299862972E-03    0.7639037713E-01    0.5465728882E-02    0.1527807543E-01    0.4604328232E-07
         61.000    0.8602438403E+00    0.4108960076E-01    0.1296662257E-03    0.7757024817E-01    0.5452548149E-02    0.1551404963E-01    0.4675443388E-07
         62.000    0.8581256204E+00    0.4180896289E-01    0.1293469423E-03    0.7874721397E-01    0.5439365495E-02    0.1574944279E-01    0.4746383434E-07
         63.000    0.8560126164E+00    0.4252658382E-01    0.1290284451E-03    0.7992128167E-01    0.5426185180E-02    0.1598425633E-01    0.4817148801E-07
         64.000    0.8539048153E+00    0.4324246411E-01    0.1287107321E-03    0.8109245840E-01    0.5413010926E-02    0.1621849168E-01    0.4887739918E-07
         65.000    0.8518022043E+00    0.4395660479E-01    0.1283938015E-03    0.8226075129E-01    0.5399845983E-02    0.1645215026E-01    0.4958157216E-07
         66.000    0.8497047707E+00    0.4466900727E-01    0.1280776512E-03    0.8342616743E-01    0.5386693190E-02    0.1668523349E-01    0.5028401122E-07
         67.000    0.8476125017E+00    0.4537967332E-01    0.1277622795E-03    0.8458871391E-01    0.5373555026E-02    0.1691774278E-01    0.5098472062E-07
         68.000    0.8455253846E+00    0.4608860503E-01    0.1274476843E-03    0.8574839780E-01    0.5360433652E-02    0.1714967956E-01    0.5168370464E-07
         69.000    0.8434434067E+00    0.4679580474E-01    0.1271338637E-03    0.8690522615E-01    0.5347330952E-02    0.1738104523E-01    0.5238096752E-07
         70.000    0.8413665554E+00    0.4750127502E-01    0.1268208158E-03    0.8805920598E-01    0.5334248568E-02    0.1761184120E-01    0.5307651349E-07
         71.000    0.8392948179E+00    0.4820501866E-01    0.1265085388E-03    0.8921034430E-01    0.5321187927E-02    0.1784206886E-01    0.5377034678E-07
         72.000    0.8372281819E+00    0.4890703861E-01    0.1261970308E-03    0.9035864813E-01    0.5308150272E-02    0.1807172963E-01    0.5446247162E-07
         73.000    0.8351666346E+00    0.4960733798E-01    0.1258862897E-03    0.9150412443E-01    0.5295136682E-02    0.1830082489E-01    0.5515289220E-07
         74.000    0.8331101635E+00    0.5030592001E-01    0.1255763139E-03    0.9264678017E-01    0.5282148091E-02    0.1852935603E-01    0.5584161273E-07
         75.000    0.8310587562E+00    0.5100278807E-01    0.1252671013E-03    0.9378662230E-01    0.5269185311E-02    0.1875732446E-01    0.5652863739E-07
         76.000    0.8290124002E+00    0.5169794560E-01    0.1249586500E-03    0.9492365773E-01    0.5256249041E-02    0.1898473155E-01    0.5721397035E-07
         77.000    0.8269710830E+00    0.5239139615E-01    0.1246509583E-03    0.9605789339E-01    0.5243339886E-02    0.1921157868E-01    0.5789761579E-07
         78.000    0.8249347923E+00    0.5308314334E-01    0.1243440243E-03    0.9718933617E-01    0.5230458364E-02    0.1943786723E-01    0.5857957785E-07
         79.000    0.8229035156E+00    0.5377319084E-01    0.1240378460E-03    0.9831799294E-01    0.5217604923E-02    0.1966359859E-01    0.5925986069E-07
         80.000    0.8208772406E+00    0.5446154239E-01    0.1237324216E-03    0.9944387056E-01    0.5204779942E-02    0.1988877411E-01    0.5993846843E-07
         81.000    0.8188559550E+00    0.5514820178E-01    0.1234277493E-03    0.1005669759E+00    0.5191983747E-02    0.2011339518E-01    0.6061540520E-07
         82.000    0.8168396466E+00    0.5583317282E-01    0.1231238272E-03    0.1016873157E+00    0.5179216612E-02    0.2033746315E-01    0.6129067512E-07
         83.000    0.8148283030E+00    0.5651645937E-01    0.1228206535E-03    0.1028048969E+00    0.5166478769E-02    0.2056097938E-01    0.6196428229E-07
         84.000    0.8128219120E+00    0.5719806531E-01    0.1225182263E-03    0.1039197262E+00    0.5153770411E-02    0.2078394524E-01    0.6263623080E-07
         85.000    0.8108204614E+00    0.5787799455E-01    0.1222165437E-03    0.1050318104E+00    0.5141091699E-02    0.2100636208E-01    0.6330652475E-07
         86.000    0.8088239391E+00    0.5855625101E-01    0.1219156041E-03    0.1061411563E+00    0.5128442762E-02    0.2122823126E-01    0.6397516819E-07
         87.000    0.8068323330E+00    0.5923283863E-01    0.1216154054E-03    0.1072477706E+00    0.5115823706E-02    0.2144955411E-01    0.6464216520E-07
         88.000    0.8048456308E+00    0.5990776136E-01    0.1213159459E-03    0.1083516600E+00    0.5103234615E-02    0.2167033199E-01    0.6530751984E-07
         89.000    0.8028638206E+00    0.6058102317E-01    0.1210172238E-03    0.1094528312E+00    0.5090675552E-02    0.2189056624E-01    0.6597123614E-07
         90.000    0.8008868904E+00    0.6125262802E-01    0.1207192373E-03    0.1105512910E+00    0.5078146562E-02    0.2211025819E-01    0.6663331814E-07
         91.000    0.7989148280E+00    0.6192257990E-01    0.1204219845E-03    0.1116470460E+00    0.5065647677E-02    0.2232940919E-01    0.6729376986E-07
         92.000    0.7969476215E+00    0.6259088277E-01    0.1201254636E-03    0.1127401028E+00    0.5053178916E-02    0.2254802056E-01    0.6795259532E-07
         93.000    0.7949852590E+00    0.6325754062E-01    0.1198296729E-03    0.1138304682E+00    0.5040740284E-02    0.2276609364E-01    0.6860979852E-07
         94.000    0.7930277285E+00    0.6392255743E-01    0.1195346105E-03    0.1149181487E+00    0.5028331779E-02    0.2298362974E-01    0.6926538346E-07
         95.000    0.7910750181E+00    0.6458593718E-01    0.1192402747E-03    0.1160031509E+00    0.5015953388E-02    0.2320063019E-01    0.6991935412E-07
         96.000    0.7891271160E+00    0.6524768384E-01    0.1189466636E-03    0.1170854816E+00    0.5003605092E-02    0.2341709631E-01    0.7057171448E-07
         97.000    0.7871840102E+00    0.6590780139E-01    0.1186537755E-03    0.1181651471E+00    0.4991286865E-02    0.2363302942E-01    0.7122246850E-07
         98.000    0.7852456891E+00    0.6656629379E-01    0.1183616086E-03    0.1192421541E+00    0.4978998673E-02    0.2384843082E-01    0.7187162013E-07
         99.000    0.7833121408E+00    0.6722316502E-01    0.1180701611E-03    0.1203165092E+00    0.4966740480E-02    0.2406330183E-01    0.7251917333E-07
        100.000    0.7813833536E+00    0.6787841902E-01    0.1177794313E-03    0.1213882188E+00    0.4954512244E-02    0.2427764376E-01    0.7316513203E-07
        101.000    0.7794593157E+00    0.6853205977E-01    0.1174894173E-03    0.1224572895E+00    0.4942313919E-02    0.2449145790E-01    0.7380950015E-07
        102.000    0.7775400155E+00    0.6918409119E-01    0.1172001175E-03    0.1235237277E+00    0.4930145456E-02    0.2470474555E-01    0.7445228161E-07
        103.000    0.7756254412E+00    0.6983451724E-01    0.1169115300E-03    0.1245875401E+00    0.4918006803E-02    0.2491750801E-01    0.7509348032E-07
        104.000    0.7737155813E+00    0.7048334185E-01    0.1166236531E-03    0.1256487329E+00    0.4905897906E-02    0.2512974659E-01    0.7573310018E-07
        105.000    0.7718104242E+00    0.7113056894E-01    0.1163364850E-03    0.1267073128E+00    0.4893818708E-02    0.2534146255E-01    0.7637114507E-07
        106.000    0.7699099582E+00    0.7177620244E-01    0.1160500241E-03    0.1277632860E+00    0.4881769150E-02    0.2555265720E-01    0.7700761887E-07
        107.000    0.7680141718E+00    0.7242024625E-01    0.1157642685E-03    0.1288166590E+00    0.4869749173E-02    0.2576333181E-01    0.7764252545E-07
        108.000    0.7661230535E+00    0.7306270429E-01    0.1154792166E-03    0.1298674383E+00    0.4857758714E-02    0.2597348767E-01    0.7827586867E-07
        109.000    0.7642365918E+00    0.7370358043E-01    0.1151948666E-03    0.1309156302E+00    0.4845797710E-02    0.2618312605E-01    0.7890765238E-07
        110.000    0.7623547752E+00    0.7434287858E-01    0.1149112167E-03    0.1319612411E+00    0.4833866098E-02    0.2639224823E-01    0.7953788042E-07
        111.000    0.7604775923E+00    0.7498060260E-01    0.1146282653E-03    0.1330042774E+00    0.4821963813E-02    0.2660085547E-01    0.8016655662E-07
        112.000    0.7586050317E+00    0.7561675638E-01    0.1143460106E-03    0.1340447453E+00    0.4810090788E-02    0.2680894906E-01    0.8079368479E-07
        113.000    0.7567370820E+00    0.7625134376E-01    0.1140644509E-03    0.1350826512E+00    0.4798246959E-02    0.2701653024E-01    0.8141926876E-07
        114.000    0.7548737318E+00    0.7688436860E-01    0.1137835845E-03    0.1361180014E+00    0.4786432257E-02    0.2722360029E-01    0.8204331233E-07
        115.000    0.7530149698E+00    0.7751583475E-01    0.1135034097E-03    0.1371508023E+00    0.4774646616E-02    0.2743016045E-01    0.8266581928E-07
        116.000    0.7511607848E+00    0.7814574603E-01    0.1132239248E-03    0.1381810600E+00    0.4762889968E-02    0.2763621200E-01    0.8328679340E-07
        117.000    0.7493111654E+00    0.7877410628E-01    0.1129451280E-03    0.1392087809E+00    0.4751162245E-02    0.2784175617E-01    0.8390623847E-07
        118.000    0.7474661004E+00    0.7940091930E-01    0.1126670178E-03    0.1402339711E+00    0.4739463378E-02    0.2804679423E-01    0.8452415824E-07
        119.000    0.7456255786E+00    0.8002618892E-01    0.1123895924E-03    0.1412566370E+00    0.4727793300E-02    0.2825132741E-01    0.8514055649E-07
        120.000    0.7437895888E+00    0.8064991892E-01    0.1121128501E-03    0.1422767848E+00    0.4716151941E-02    0.2845535695E-01    0.8575543695E-07
        121.000    0.7419581199E+00    0.8127211309E-01    0.1118367892E-03    0.1432944205E+00    0.4704539233E-02    0.2865888411E-01    0.8636880335E-07
        122.000    0.7401311607E+00    0.8189277521E-01    0.1115614081E-03    0.1443095505E+00    0.4692955108E-02    0.2886191011E-01    0.8698065944E-07
        123.000    0.7383087000E+00    0.8251190906E-01    0.1112867050E-03    0.1453221809E+00    0.4681399495E-02    0.2906443619E-01    0.8759100892E-07
        124.000    0.7364907269E+00    0.8312951840E-01    0.1110126784E-03    0.1463323179E+00    0.4669872327E-02    0.2926646358E-01    0.8819985551E-07
        125.000    0.7346772303E+00    0.8374560697E-01    0.1107393266E-03    0.1473399675E+00    0.4658373535E-02    0.2946799350E-01    0.8880720291E-07
        126.000    0.7328681992E+00    0.8436017853E-01    0.1104666478E-03    0.1483451360E+00    0.4646903049E-02    0.2966902719E-01    0.8941305481E-07
        127.000    0.7310636225E+00    0.8497323681E-01    0.1101946404E-03    0.1493478293E+00    0.4635460801E-02    0.2986956587E-01    0.9001741489E-07
        128.000    0.7292634893E+00    0.8558478552E-01    0.1099233029E-03    0.1503480537E+00    0.4624046723E-02    0.3006961075E-01    0.9062028682E-07
        129.000    0.7274677887E+00    0.8619482840E-01    0.1096526334E-03    0.1513458152E+00    0.4612660744E-02    0.3026916305E-01    0.9122167427E-07
        130.000    0.7256765097E+00    0.8680336914E-01    0.1093826305E-03    0.1523411199E+00    0.4601302798E-02    0.3046822398E-01    0.9182158090E-07
        131.000    0.7238896415E+00    0.8741041145E-01    0.1091132923E-03    0.1533339738E+00    0.4589972815E-02    0.3066679476E-01    0.9242001035E-07
        132.000    0.7221071731E+00    0.8801595901E-01    0.1088446174E-03    0.1543243829E+00    0.4578670728E-02    0.3086487658E-01    0.9301696626E-07
        133.000    0.7203290939E+00    0.8862001551E-01    0.1085766041E-03    0.1553123533E+00    0.4567396467E-02    0.3106247066E-01    0.9361245225E-07
        134.000    0.7185553928E+00    0.8922258461E-01    0.1083092507E-03    0.1562978910E+00    0.4556149964E-02    0.3125957819E-01    0.9420647195E-07
        135.000    0.7167860593E+00    0.8982366998E-01    0.1080425556E-03    0.1572810019E+00    0.4544931152E-02    0.3145620038E-01    0.9479902897E-07
        136.000    0.7150210824E+00    0.9042327527E-01    0.1077765172E-03    0.1582616921E+00    0.4533739963E-02    0.3165233841E-01    0.9539012690E-07
        137.000    0.7132604515E+00    0.9102140412E-01    0.1075111339E-03    0.1592399674E+00    0.4522576329E-02    0.3184799348E-01    0.9597976935E-07
        138.000    0.7115041560E+00    0.9161806017E-01    0.1072464040E-03    0.1602158339E+00    0.4511440182E-02    0.3204316679E-01    0.9656795989E-07
        139.000    0.7097521850E+00    0.9221324705E-01    0.1069823260E-03    0.1611892975E+00    0.4500331455E-02    0.3223785950E-01    0.9715470210E-07
        140.000    0.7080045280E+00    0.9280696838E-01    0.1067188983E-03    0.1621603641E+00    0.4489250080E-02    0.3243207282E-01    0.9773999955E-07
        141.000    0.7062611743E+00    0.9339922775E-01    0.1064561192E-03    0.1631290396E+00    0.4478195990E-02    0.3262580791E-01    0.9832385579E-07
        142.000    0.7045221134E+00    0.9399002878E-01    0.1061939872E-03    0.1640953298E+00    0.4467169119E-02    0.3281906597E-01    0.9890627437E-07
        143.000    0.7027873347E+00    0.9457937505E-01    0.1059325006E-03    0.1650592408E+00    0.4456169399E-02    0.3301184815E-01    0.9948725884E-07
        144.000    0.7010568275E+00    0.9516727015E-01    0.1056716579E-03    0.1660207782E+00    0.4445196763E-02    0.3320415564E-01    0.1000668127E-06
        145.000    0.6993305815E+00    0.9575371764E-01    0.1054114575E-03    0.1669799480E+00    0.4434251145E-02    0.3339598960E-01    0.1006449395E-06
        146.000    0.6976085861E+00    0.9633872110E-01    0.1051518978E-03    0.1679367560E+00    0.4423332478E-02    0.3358735119E-01    0.1012216428E-06
        147.000    0.6958908309E+00    0.9692228407E-01    0.1048929772E-03    0.1688912080E+00    0.4412440697E-02    0.3377824159E-01    0.1017969260E-06
        148.000    0.6941773054E+00    0.9750441011E-01    0.1046346942E-03    0.1698433097E+00    0.4401575734E-02    0.3396866195E-01    0.1023707927E-06
        149.000    0.6924679992E+00    0.9808510276E-01    0.1043770471E-03    0.1707930671E+00    0.4390737525E-02    0.3415861343E-01    0.1029432463E-06
        150.000    0.6907629018E+00    0.9866436553E-01    0.1041200345E-03    0.1717404859E+00    0.4379926002E-02    0.3434809718E-01    0.1035142904E-06
        151.000    0.6890620031E+00    0.9924220196E-01    0.1038636547E-03    0.1726855718E+00    0.4369141101E-02    0.3453711436E-01    0.1040839283E-06
        152.000    0.6873652925E+00    0.9981861556E-01    0.1036079062E-03    0.1736283305E+00    0.4358382756E-02    0.3472566611E-01    0.1046521636E-06
        153.000    0.6856727598E+00    0.1003936098E+00    0.1033527875E-03    0.1745687679E+00    0.4347650902E-02    0.3491375358E-01    0.1052189997E-06
        154.000    0.6839843947E+00    0.1009671883E+00    0.1030982969E-03    0.1755068895E+00    0.4336945473E-02    0.3510137791E-01    0.1057844400E-06
        155.000    0.6823001870E+00    0.1015393543E+00    0.1028444330E-03    0.1764427012E+00    0.4326266404E-02    0.3528854025E-01    0.1063484880E-06
        156.000    0.6806201264E+00    0.1021101115E+00    0.1025911942E-03    0.1773762086E+00    0.4315613631E-02    0.3547524172E-01    0.1069111472E-06
        157.000    0.6789442026E+00    0.1026794633E+00    0.1023385790E-03    0.1783074174E+00    0.4304987089E-02    0.3566148348E-01    0.1074724208E-06
        158.000    0.6772724056E+00    0.1032474132E+00    0.1020865858E-03    0.1792363332E+00    0.4294386712E-02    0.3584726664E-01    0.1080323125E-06
        159.000    0.6756047251E+00    0.1038139646E+00    0.1018352131E-03    0.1801629617E+00    0.4283812438E-02    0.3603259234E-01    0.1085908255E-06
        160.000    0.6739411511E+00    0.1043791209E+00    0.1015844593E-03    0.1810873085E+00    0.4273264200E-02    0.3621746170E-01    0.1091479632E-06
        161.000    0.6722816733E+00    0.1049428856E+00    0.1013343230E-03    0.1820093793E+00    0.4262741937E-02    0.3640187585E-01    0.1097037291E-06
        162.000    0.6706262818E+00    0.1055052621E+00    0.1010848026E-03    0.1829291795E+00    0.4252245582E-02    0.3658583591E-01    0.1102581264E-06
        163.000    0.6689749663E+00    0.1060662539E+00    0.1008358966E-03    0.1838467150E+00    0.4241775073E-02    0.3676934299E-01    0.1108111587E-06
        164.000    0.6673277171E+00    0.1066258643E+00    0.1005876036E-03    0.1847619911E+00    0.4231330347E-02    0.3695239822E-01    0.1113628292E-06
        165.000    0.6656845239E+00    0.1071840968E+00    0.1003399219E-03    0.1856750135E+00    0.4220911338E-02    0.3713500270E-01    0.1119131413E-06
        166.000    0.6640453768E+00    0.1077409547E+00    0.1000928500E-03    0.1865857877E+00    0.4210517985E-02    0.3731715755E-01    0.1124620983E-06
        167.000    0.6624102659E+00    0.1082964414E+00    0.9984638658E-04    0.1874943193E+00    0.4200150224E-02    0.3749886386E-01    0.1130097036E-06
        168.000    0.6607791811E+00    0.1088505603E+00    0.9960053001E-04    0.1884006138E+00    0.4189807992E-02    0.3768012275E-01    0.1135559605E-06
        169.000    0.6591521127E+00    0.1094033147E+00    0.9935527883E-04    0.1893046766E+00    0.4179491226E-02    0.3786093532E-01    0.1141008724E-06
        170.000    0.6575290507E+00    0.1099547081E+00    0.9911063154E-04    0.1902065133E+00    0.4169199864E-02    0.3804130267E-01    0.1146444424E-06
        171.000    0.6559099853E+00    0.1105047438E+00    0.9886658665E-04    0.1911061294E+00    0.4158933842E-02    0.3822122589E-01    0.1151866741E-06
        172.000    0.6542949065E+00    0.1110534251E+00    0.9862314269E-04    0.1920035304E+00    0.4148693099E-02    0.3840070607E-01    0.1157275705E-06
        173.000    0.6526838046E+00    0.1116007554E+00    0.9838029818E-04    0.1928987216E+00    0.4138477572E-02    0.3857974431E-01    0.1162671351E-06
        174.000    0.6510766698E+00    0.1121467379E+00    0.9813805163E-04    0.1937917085E+00    0.4128287199E-02    0.3875834170E-01    0.1168053711E-06
        175.000    0.6494734924E+00    0.1126913760E+00    0.9789640157E-04    0.1946824966E+00    0.4118121919E-02    0.3893649932E-01    0.1173422817E-06
        176.000    0.6478742625E+00    0.1132346731E+00    0.9765534655E-04    0.1955710913E+00    0.4107981669E-02    0.3911421825E-01    0.1178778703E-06
        177.000    0.6462789705E+00    0.1137766323E+00    0.9741488508E-04    0.1964574979E+00    0.4097866388E-02    0.3929149958E-01    0.1184121401E-06
        178.000    0.6446876066E+00    0.1143172571E+00    0.9717501572E-04    0.1973417219E+00    0.4087776014E-02    0.3946834438E-01    0.1189450944E-06
        179.000    0.6431001613E+00    0.1148565507E+00    0.9693573699E-04    0.1982237686E+00    0.4077710486E-02    0.3964475372E-01    0.1194767363E-06
        180.000    0.6415166248E+00    0.1153945163E+00    0.9669704746E-04    0.1991036434E+00    0.4067669743E-02    0.3982072869E-01    0.1200070691E-06
        181.000    0.6399369875E+00    0.1159311573E+00    0.9645894566E-04    0.1999813517E+00    0.4057653724E-02    0.3999627034E-01    0.1205360961E-06
        182.000    0.6383612398E+00    0.1164664769E+00    0.9622143015E-04    0.2008568987E+00    0.4047662368E-02    0.4017137975E-01    0.1210638204E-06
        183.000    0.6367893722E+00    0.1170004783E+00    0.9598449948E-04    0.2017302899E+00    0.4037695614E-02    0.4034605797E-01    0.1215902452E-06
        184.000    0.6352213750E+00    0.1175331648E+00    0.9574815223E-04    0.2026015304E+00    0.4027753401E-02    0.4052030608E-01    0.1221153739E-06
        185.000    0.6336572388E+00    0.1180645397E+00    0.9551238694E-04    0.2034706257E+00    0.4017835670E-02    0.4069412513E-01    0.1226392095E-06
        186.000    0.6320969541E+00    0.1185946062E+00    0.9527720219E-04    0.2043375809E+00    0.4007942360E-02    0.4086751618E-01    0.1231617552E-06
        187.000    0.6305405113E+00    0.1191233674E+00    0.9504259654E-04    0.2052024014E+00    0.3998073410E-02    0.4104048027E-01    0.1236830142E-06
        188.000    0.6289879010E+00    0.1196508267E+00    0.9480856857E-04    0.2060650924E+00    0.3988228762E-02    0.4121301847E-01    0.1242029897E-06
        189.000    0.6274391138E+00    0.1201769871E+00    0.9457511687E-04    0.2069256591E+00    0.3978408354E-02    0.4138513182E-01    0.1247216849E-06
        190.000    0.6258941402E+00    0.1207018520E+00    0.9434224000E-04    0.2077841068E+00    0.3968612127E-02    0.4155682137E-01    0.1252391028E-06
        191.000    0.6243529709E+00    0.1212254244E+00    0.9410993656E-04    0.2086404408E+00    0.3958840022E-02    0.4172808816E-01    0.1257552467E-06
        192.000    0.6228155965E+00    0.1217477077E+00    0.9387820513E-04    0.2094946661E+00    0.3949091980E-02    0.4189893322E-01    0.1262701196E-06
        193.000    0.6212820076E+00    0.1222687049E+00    0.9364704430E-04    0.2103467881E+00    0.3939367940E-02    0.4206935761E-01    0.1267837248E-06
        194.000    0.6197521950E+00    0.1227884192E+00    0.9341645267E-04    0.2111968118E+00    0.3929667845E-02    0.4223936236E-01    0.1272960653E-06
        195.000    0.6182261493E+00    0.1233068538E+00    0.9318642884E-04    0.2120447425E+00    0.3919991634E-02    0.4240894849E-01    0.1278071442E-06
        196.000    0.6167038613E+00    0.1238240119E+00    0.9295697140E-04    0.2128905852E+00    0.3910339250E-02    0.4257811705E-01    0.1283169646E-06
        197.000    0.6151853217E+00    0.1243398965E+00    0.9272807897E-04    0.2137343452E+00    0.3900710633E-02    0.4274686905E-01    0.1288255297E-06
        198.000    0.6136705212E+00    0.1248545108E+00    0.9249975016E-04    0.2145760276E+00    0.3891105726E-02    0.4291520552E-01    0.1293328426E-06
        199.000    0.6121594507E+00    0.1253678580E+00    0.9227198356E-04    0.2154156375E+00    0.3881524468E-02    0.4308312750E-01    0.1298389062E-06
        200.000    0.6106521010E+00    0.1258799412E+00    0.9204477781E-04    0.2162531799E+00    0.3871966804E-02    0.4325063599E-01    0.1303437238E-06
        201.000    0.6091484629E+00    0.1263907634E+00    0.9181813152E-04    0.2170886601E+00    0.3862432673E-02    0.4341773201E-01    0.1308472983E-06
        202.000    0.6076485273E+00    0.1269003278E+00    0.9159204331E-04    0.2179220830E+00    0.3852922019E-02    0.4358441659E-01    0.1313496329E-06
        203.000    0.6061522850E+00    0.1274086374E+00    0.9136651181E-04    0.2187534537E+00    0.3843434784E-02    0.4375069073E-01    0.1318507305E-06
        204.000    0.6046597271E+00    0.1279156954E+00    0.9114153565E-04    0.2195827772E+00    0.3833970909E-02    0.4391655545E-01    0.1323505942E-06
        205.000    0.6031708443E+00    0.1284215049E+00    0.9091711345E-04    0.2204100587E+00    0.3824530338E-02    0.4408201175E-01    0.1328492271E-06
        206.000    0.6016856277E+00    0.1289260689E+00    0.9069324386E-04    0.2212353032E+00    0.3815113012E-02    0.4424706064E-01    0.1333466322E-06
        207.000    0.6002040681E+00    0.1294293905E+00    0.9046992552E-04    0.2220585156E+00    0.3805718876E-02    0.4441170312E-01    0.1338428126E-06
        208.000    0.5987261567E+00    0.1299314727E+00    0.9024715706E-04    0.2228797010E+00    0.3796347871E-02    0.4457594020E-01    0.1343377711E-06
        209.000    0.5972518845E+00    0.1304323186E+00    0.9002493714E-04    0.2236988643E+00    0.3786999941E-02    0.4473977286E-01    0.1348315109E-06
        210.000    0.5957812424E+00    0.1309319313E+00    0.8980326440E-04    0.2245160106E+00    0.3777675028E-02    0.4490320211E-01    0.1353240349E-06
        211.000    0.5943142215E+00    0.1314303138E+00    0.8958213749E-04    0.2253311447E+00    0.3768373077E-02    0.4506622895E-01    0.1358153462E-06
        212.000    0.5928508130E+00    0.1319274690E+00    0.8936155508E-04    0.2261442718E+00    0.3759094030E-02    0.4522885435E-01    0.1363054476E-06
        213.000    0.5913910079E+00    0.1324234001E+00    0.8914151582E-04    0.2269553966E+00    0.3749837832E-02    0.4539107931E-01    0.1367943423E-06
        214.000    0.5899347973E+00    0.1329181100E+00    0.8892201837E-04    0.2277645241E+00    0.3740604426E-02    0.4555290482E-01    0.1372820332E-06
        215.000    0.5884821724E+00    0.1334116018E+00    0.8870306140E-04    0.2285716593E+00    0.3731393755E-02    0.4571433186E-01    0.1377685232E-06
        216.000    0.5870331244E+00    0.1339038785E+00    0.8848464357E-04    0.2293768071E+00    0.3722205764E-02    0.4587536141E-01    0.1382538152E-06
        217.000    0.5855876445E+00    0.1343949430E+00    0.8826676357E-04    0.2301799722E+00    0.3713040398E-02    0.4603599445E-01    0.1387379124E-06
        218.000    0.5841457238E+00    0.1348847983E+00    0.8804942007E-04    0.2309811598E+00    0.3703897600E-02    0.4619623195E-01    0.1392208175E-06
        219.000    0.5827073536E+00    0.1353734474E+00    0.8783261174E-04    0.2317803745E+00    0.3694777314E-02    0.4635607490E-01    0.1397025335E-06
        220.000    0.5812725252E+00    0.1358608933E+00    0.8761633727E-04    0.2325776213E+00    0.3685679486E-02    0.4651552425E-01    0.1401830634E-06
        221.000    0.5798412299E+00    0.1363471389E+00    0.8740059534E-04    0.2333729049E+00    0.3676604060E-02    0.4667458098E-01    0.1406624100E-06
        222.000    0.5784134589E+00    0.1368321872E+00    0.8718538464E-04    0.2341662303E+00    0.3667550980E-02    0.4683324607E-01    0.1411405763E-06
        223.000    0.5769892035E+00    0.1373160412E+00    0.8697070387E-04    0.2349576023E+00    0.3658520193E-02    0.4699152046E-01    0.1416175652E-06
        224.000    0.5755684552E+00    0.1377987037E+00    0.8675655171E-04    0.2357470256E+00    0.3649511642E-02    0.4714940512E-01    0.1420933796E-06
        225.000    0.5741512053E+00    0.1382801778E+00    0.8654292687E-04    0.2365345051E+00    0.3640525274E-02    0.4730690102E-01    0.1425680224E-06
        226.000    0.5727374451E+00    0.1387604663E+00    0.8632982806E-04    0.2373200456E+00    0.3631561033E-02    0.4746400911E-01    0.1430414965E-06
        227.000    0.5713271661E+00    0.1392395722E+00    0.8611725396E-04    0.2381036517E+00    0.3622618865E-02    0.4762073035E-01    0.1435138046E-06
        228.000    0.5699203597E+00    0.1397174983E+00    0.8590520330E-04    0.2388853284E+00    0.3613698716E-02    0.4777706568E-01    0.1439849498E-06
        229.000    0.5685170173E+00    0.1401942476E+00    0.8569367477E-04    0.2396650803E+00    0.3604800532E-02    0.4793301606E-01    0.1444549349E-06
        230.000    0.5671171305E+00    0.1406698230E+00    0.8548266711E-04    0.2404429122E+00    0.3595924258E-02    0.4808858244E-01    0.1449237627E-06
        231.000    0.5657206907E+00    0.1411442274E+00    0.8527217902E-04    0.2412188288E+00    0.3587069840E-02    0.4824376575E-01    0.1453914361E-06
        232.000    0.5643276893E+00    0.1416174636E+00    0.8506220922E-04    0.2419928348E+00    0.3578237225E-02    0.4839856696E-01    0.1458579579E-06
        233.000    0.5629381181E+00    0.1420895346E+00    0.8485275645E-04    0.2427649349E+00    0.3569426359E-02    0.4855298698E-01    0.1463233310E-06
        234.000    0.5615519684E+00    0.1425604431E+00    0.8464381942E-04    0.2435351339E+00    0.3560637189E-02    0.4870702677E-01    0.1467875582E-06
        235.000    0.5601692320E+00    0.1430301921E+00    0.8443539686E-04    0.2443034363E+00    0.3551869660E-02    0.4886068727E-01    0.1472506422E-06
        236.000    0.5587899003E+00    0.1434987845E+00    0.8422748752E-04    0.2450698470E+00    0.3543123721E-02    0.4901396939E-01    0.1477125860E-06
        237.000    0.5574139650E+00    0.1439662229E+00    0.8402009012E-04    0.2458343704E+00    0.3534399316E-02    0.4916687409E-01    0.1481733924E-06
        238.000    0.5560414177E+00    0.1444325104E+00    0.8381320340E-04    0.2465970114E+00    0.3525696395E-02    0.4931940227E-01    0.1486330640E-06
        239.000    0.5546722501E+00    0.1448976497E+00    0.8360682611E-04    0.2473577744E+00    0.3517014902E-02    0.4947155488E-01    0.1490916038E-06
        240.000    0.5533064539E+00    0.1453616437E+00    0.8340095699E-04    0.2481166642E+00    0.3508354787E-02    0.4962333284E-01    0.1495490145E-06
        241.000    0.5519440208E+00    0.1458244952E+00    0.8319559480E-04    0.2488736853E+00    0.3499715996E-02    0.4977473707E-01    0.1500052989E-06
        242.000    0.5505849424E+00    0.1462862070E+00    0.8299073828E-04    0.2496288424E+00    0.3491098477E-02    0.4992576849E-01    0.1504604598E-06
        243.000    0.5492292106E+00    0.1467467819E+00    0.8278638618E-04    0.2503821401E+00    0.3482502177E-02    0.5007642801E-01    0.1509144999E-06
        244.000    0.5478768170E+00    0.1472062226E+00    0.8258253728E-04    0.2511335828E+00    0.3473927044E-02    0.5022671656E-01    0.1513674220E-06
        245.000    0.5465277536E+00    0.1476645321E+00    0.8237919031E-04    0.2518831752E+00    0.3465373026E-02    0.5037663505E-01    0.1518192289E-06
        246.000    0.5451820119E+00    0.1481217131E+00    0.8217634407E-04    0.2526309219E+00    0.3456840071E-02    0.5052618438E-01    0.1522699232E-06
        247.000    0.5438395840E+00    0.1485777683E+00    0.8197399729E-04    0.2533768274E+00    0.3448328127E-02    0.5067536548E-01    0.1527195078E-06
        248.000    0.5425004616E+00    0.1490327006E+00    0.8177214877E-04    0.2541208962E+00    0.3439837143E-02    0.5082417923E-01    0.1531679854E-06
        249.000    0.5411646366E+00    0.1494865126E+00    0.8157079727E-04    0.2548631328E+00    0.3431367066E-02    0.5097262656E-01    0.1536153586E-06
        250.000    0.5398321008E+00    0.1499392072E+00    0.8136994156E-04    0.2556035418E+00    0.3422917845E-02    0.5112070836E-01    0.1540616303E-06
        251.000    0.5385028462E+00    0.1503907871E+00    0.8116958044E-04    0.2563421276E+00    0.3414489430E-02    0.5126842552E-01    0.1545068030E-06
        252.000    0.5371768647E+00    0.1508412551E+00    0.8096971267E-04    0.2570788948E+00    0.3406081768E-02    0.5141577896E-01    0.1549508797E-06
        253.000    0.5358541482E+00    0.1512906139E+00    0.8077033704E-04    0.2578138478E+00    0.3397694809E-02    0.5156276956E-01    0.1553938628E-06
        254.000    0.5345346887E+00    0.1517388662E+00    0.8057145235E-04    0.2585469911E+00    0.3389328501E-02    0.5170939822E-01    0.1558357551E-06
        255.000    0.5332184782E+00    0.1521860147E+00    0.8037305738E-04    0.2592783291E+00    0.3380982794E-02    0.5185566583E-01    0.1562765594E-06
        256.000    0.5319055087E+00    0.1526320622E+00    0.8017515093E-04    0.2600078664E+00    0.3372657637E-02    0.5200157327E-01    0.1567162783E-06
